4 chains, each with iter=4000; warmup=2000; thin=1;
post-warmup draws per chain=2000, total post-warmup draws=8000.
Samples were drawn using NUTS at Sat Dec  8 18:06:36 2018.

small_cheap_norm
                mean se_mean     sd   2.5%    25%    50%    75%  97.5%  n_eff   Rhat
mu0            1.9e8   6.9e8  3.8e9 -2.4e9 -5.2e7 -1.7e5  1.1e5  9.8e9     30   1.17
sigma0         5.5e9   3.0e9 5.6e10  1.0e4  3.9e5  1.2e7  1.8e8 4.2e10    344   1.02
mu[1]          -3.74  6.8e-4   0.04  -3.82  -3.77  -3.74  -3.71  -3.66   3342    1.0
mu[2]          -4.02  7.3e-4   0.04   -4.1  -4.05  -4.03   -4.0  -3.95   3016    1.0
sigma           0.91  3.9e-4   0.02   0.88    0.9   0.91   0.93   0.95   2632    1.0
ypred[1]       -3.75    0.01   0.92  -5.58  -4.36  -3.76  -3.13  -1.96   7783    1.0
ypred[2]       -4.04    0.01   0.91  -5.81  -4.67  -4.04  -3.43  -2.23   7822    1.0
mpred         -1.1e9   8.9e8 8.3e10-1.0e10 -2.3e7 -2.4e4  2.1e6 1.5e10   8687    1.0
mypred        -1.1e9   8.9e8 8.3e10-1.0e10 -2.3e7 -2.4e4  2.1e6 1.5e10   8687    1.0
log_lik[1]      -0.9  4.9e-4   0.02  -0.95  -0.91   -0.9  -0.88  -0.85   2533    1.0
log_lik[2]     -2.27  1.6e-3   0.08  -2.43  -2.32  -2.26  -2.21  -2.11   2871    1.0
log_lik[3]     -0.88  4.8e-4   0.02  -0.93   -0.9  -0.88  -0.86  -0.83   2491    1.0
...
log_lik[1022]  -1.53  9.7e-4   0.05  -1.64  -1.57  -1.53  -1.49  -1.43   2960    1.0
log_lik[1023]  -0.99  5.5e-4   0.03  -1.05  -1.01  -0.99  -0.97  -0.93   2692    1.0
log_lik[1024]  -1.19  6.9e-4   0.04  -1.27  -1.22  -1.19  -1.17  -1.12   3027    1.0
lp__          -437.1    2.15    4.3 -445.6 -440.0 -437.3 -433.8 -429.6      4   1.51


small_cheap_laplace
                mean se_mean     sd   2.5%    25%    50%    75%  97.5%  n_eff   Rhat
mu0           -2.4e9   2.1e9 2.1e10-5.8e10 -1.1e7 -8.4e4  2.4e6  8.4e9     99   1.08
sigma0        1.8e10  1.1e10 1.6e11  2.2e4  1.7e6  1.5e7  4.8e8 1.6e11    219   1.03
mu[1]          -3.73  2.6e-3   0.03  -3.77  -3.74  -3.72  -3.71  -3.68     92   1.05
mu[2]          -4.18  1.3e-3   0.04  -4.25  -4.21  -4.18  -4.16   -4.1    863   1.01
sigma           0.71  2.9e-3   0.02   0.67    0.7   0.71   0.73   0.76     65   1.07
ypred[1]       -3.74    0.01   0.99   -5.8  -4.23  -3.74  -3.24  -1.62   7778    1.0
ypred[2]       -4.19    0.01   1.01  -6.43  -4.67  -4.18   -3.7  -2.13   7974    1.0
mpred         -2.1e9   1.3e9 1.4e11-5.1e10 -1.3e7 -1.8e4  9.8e6 2.0e10  12219    1.0
mypred        -2.1e9   1.3e9 1.4e11-5.1e10 -1.3e7 -1.8e4  9.8e6 2.0e10  12219    1.0
log_lik[1]     -0.84  6.2e-3   0.04  -0.92  -0.87  -0.85  -0.81  -0.77     45    1.1
log_lik[2]     -2.31  3.5e-3   0.06  -2.44  -2.35  -2.31  -2.27   -2.2    313   1.02
log_lik[3]     -0.77  6.5e-3   0.04  -0.85   -0.8  -0.78  -0.74   -0.7     43    1.1
...
log_lik[1022]  -1.65  1.8e-3   0.05  -1.77  -1.69  -1.65  -1.62  -1.56    874   1.01
log_lik[1023]   -1.1  5.0e-3   0.04  -1.17  -1.12   -1.1  -1.07  -1.03     57   1.08
log_lik[1024]  -1.23  1.8e-3   0.05  -1.34  -1.26  -1.23  -1.19  -1.13    832   1.01
lp__          -695.5    1.38   4.17 -704.2 -698.3 -694.9 -692.5 -688.1      9   1.28


small_cheap_logistic
                mean se_mean     sd   2.5%    25%    50%    75%  97.5%  n_eff   Rhat
mu0            5.4e8   5.5e8  2.3e9 -8.6e8 -2.1e8 -4.8e5  1.2e7  8.8e9     18   1.18
sigma0         5.3e9   2.1e9 4.5e10  9.7e4  6.4e6  1.9e8  1.5e9 3.8e10    433   1.01
mu[1]          -3.75  5.9e-4   0.04  -3.82  -3.77  -3.75  -3.72  -3.68   3621    1.0
mu[2]          -4.04  1.8e-3   0.05  -4.13  -4.07  -4.04  -4.01  -3.95    692   1.01
sigma           0.52  2.6e-4   0.01   0.49   0.51   0.52   0.53   0.55   2782    1.0
ypred[1]       -3.73    0.01   0.94  -5.61  -4.32  -3.73  -3.16  -1.81   7293    1.0
ypred[2]       -4.03    0.01   0.95  -5.93   -4.6  -4.03  -3.46  -2.13   8022    1.0
mpred          1.5e9   1.1e9 8.7e10-1.1e10 -1.8e8 -2.0e5  5.9e7 1.9e10   6749    1.0
mypred         1.5e9   1.1e9 8.7e10-1.1e10 -1.8e8 -2.0e5  5.9e7 1.9e10   6749    1.0
log_lik[1]     -0.83  5.9e-4   0.03  -0.89  -0.85  -0.83  -0.81  -0.77   2693    1.0
log_lik[2]     -2.39  3.8e-3   0.09  -2.58  -2.45  -2.39  -2.33  -2.22    591   1.01
log_lik[3]      -0.8  5.7e-4   0.03  -0.86  -0.82   -0.8  -0.78  -0.75   2656    1.0
...
log_lik[1022]  -1.64  3.0e-3   0.07  -1.78  -1.68  -1.64  -1.59   -1.5    560   1.01
log_lik[1023]  -0.96  6.4e-4   0.03  -1.03  -0.99  -0.96  -0.94   -0.9   2988    1.0
log_lik[1024]  -1.23  2.2e-3   0.06  -1.34  -1.26  -1.23  -1.19  -1.12    634   1.01
lp__           -1388    1.34   3.69  -1394  -1391  -1389  -1385  -1381      8   1.27


small_cheap_cauchy
                mean se_mean     sd   2.5%    25%    50%    75%  97.5%  n_eff   Rhat
mu0           -9.3e8   1.2e9  7.6e9-2.0e10 -5.6e6  1.7e5  6.6e7  7.7e9     42   1.09
sigma0        1.4e10   8.9e9 1.1e11 7651.4  3.8e6  8.2e7  1.7e9 1.1e11    167   1.03
mu[1]          -3.74  4.5e-4   0.03  -3.79  -3.75  -3.74  -3.72  -3.68   3920    1.0
mu[2]          -4.13  9.9e-4   0.05  -4.23  -4.17  -4.13   -4.1  -4.04   2404    1.0
sigma           0.52  5.4e-4   0.02   0.48   0.51   0.52   0.54   0.57   1700    1.0
ypred[1]       -3.64    0.27  24.05   -9.9  -4.26  -3.75  -3.22   2.24   7962    1.0
ypred[2]       -3.64    0.51  45.92 -10.91  -4.65  -4.14  -3.63   2.74   8019    1.0
mpred         -1.4e9   1.4e9 8.3e10-4.1e10 -3.2e7  1.8e4  7.9e7 3.5e10   3458    1.0
mypred        -1.4e9   1.4e9 8.3e10-4.1e10 -3.2e7  1.8e4  7.9e7 3.5e10   3458    1.0
log_lik[1]     -0.85  9.7e-4   0.05  -0.95  -0.88  -0.85  -0.81  -0.74   2829    1.0
log_lik[2]     -2.65  1.2e-3   0.06  -2.77  -2.69  -2.65   -2.6  -2.52   3004    1.0
log_lik[3]     -0.76  1.0e-3   0.05  -0.86   -0.8  -0.76  -0.73  -0.67   2453    1.0
...
log_lik[1022]  -1.99  1.5e-3   0.08  -2.14  -2.04  -1.99  -1.94  -1.84   2779    1.0
log_lik[1023]  -1.18  8.6e-4   0.05  -1.29  -1.22  -1.18  -1.15  -1.08   3958    1.0
log_lik[1024]  -1.47  1.8e-3   0.09  -1.64  -1.53  -1.47  -1.41   -1.3   2467    1.0
lp__          -371.3    2.08   4.52 -379.2 -374.6 -371.5 -368.2 -362.1      5   1.45


small_expensive_norm
                mean se_mean     sd   2.5%    25%    50%    75%  97.5%  n_eff   Rhat
mu0             1.29    0.03   1.44  -1.33   0.89   1.36   1.83   3.51   1819    1.0
sigma0          1.95    0.06   2.12    0.6   0.96   1.37   2.12   7.05   1261    1.0
mu[1]           2.61  4.4e-4   0.03   2.54   2.59   2.61   2.63   2.68   6124    1.0
mu[2]           1.05  4.0e-4   0.03   0.98   1.03   1.05   1.07   1.12   7175    1.0
mu[3]            0.4  3.7e-4   0.03   0.34   0.38    0.4   0.43   0.47   8116    1.0
mu[4]           1.38  3.9e-4   0.03   1.32   1.36   1.38   1.41   1.45   7477    1.0
sigma           0.77  1.5e-4   0.01   0.74   0.76   0.77   0.78   0.79   6665    1.0
ypred[1]         2.6  8.4e-3   0.76   1.09   2.08    2.6   3.12    4.1   8133    1.0
ypred[2]        1.05  8.5e-3   0.76  -0.45   0.53   1.05   1.55   2.53   8077    1.0
ypred[3]         0.4  8.4e-3   0.77  -1.12   -0.1    0.4   0.91   1.91   8248    1.0
ypred[4]        1.39  8.7e-3   0.77  -0.13   0.88   1.38    1.9   2.91   7867    1.0
mpred           1.25    0.05   3.27  -4.49   0.27   1.34    2.4   6.37   3865    1.0
mypred          1.26    0.05   3.35   -4.7   0.11   1.36   2.57    6.5   3873    1.0
log_lik[1]     -4.16  2.0e-3   0.15  -4.47  -4.26  -4.16  -4.06  -3.87   5950    1.0
log_lik[2]     -0.66  2.0e-4   0.02   -0.7  -0.67  -0.66  -0.65  -0.63   6842    1.0
log_lik[3]     -1.14  4.8e-4   0.04  -1.23  -1.17  -1.14  -1.11  -1.06   8094    1.0
...
log_lik[2046]  -2.11  9.6e-4   0.08  -2.27  -2.16   -2.1  -2.05  -1.95   7061    1.0
log_lik[2047]  -2.58  1.1e-3    0.1  -2.77  -2.64  -2.58  -2.51   -2.4   7941    1.0
log_lik[2048]  -1.97  8.7e-4   0.08  -2.12  -2.02  -1.97  -1.92  -1.83   7497    1.0
lp__          -487.4    0.05    2.1 -492.5 -488.5 -487.0 -485.8 -484.4   2132    1.0


small_expensive_laplace
                mean se_mean     sd   2.5%    25%    50%    75%  97.5%  n_eff   Rhat
mu0              1.4    0.04   1.66  -1.43   0.81   1.37   1.93   4.08   1584    1.0
sigma0          2.32    0.07   2.65   0.71   1.16   1.64   2.51    8.3   1469    1.0
mu[1]           2.86  4.4e-4   0.04   2.78   2.83   2.86   2.88   2.93   7642    1.0
mu[2]           1.13  3.7e-4   0.03   1.07   1.11   1.13   1.15   1.19   6432    1.0
mu[3]           0.17  6.2e-4   0.05   0.07   0.13   0.17    0.2   0.28   6961    1.0
mu[4]           1.41  3.8e-4   0.03   1.34   1.39   1.41   1.43   1.47   7106    1.0
sigma           0.63  1.7e-4   0.01    0.6   0.62   0.63   0.64   0.66   6700    1.0
ypred[1]        2.83    0.01    0.9   0.92   2.41   2.84   3.27    4.7   7730    1.0
ypred[2]        1.15  9.7e-3   0.87  -0.73   0.73   1.14   1.57   2.99   8077    1.0
ypred[3]        0.16  9.7e-3   0.88  -1.67  -0.28   0.16   0.59   2.07   8101    1.0
ypred[4]         1.4    0.01   0.86  -0.44   0.97    1.4   1.83   3.25   7307    1.0
mpred           1.38    0.05   3.65   -5.0   0.09   1.36   2.61   7.69   4913    1.0
mypred          1.38    0.05   3.76  -5.32  -0.07   1.36   2.77   7.94   4964    1.0
log_lik[1]     -3.86  9.6e-4   0.08  -4.02  -3.92  -3.86   -3.8   -3.7   7453    1.0
log_lik[2]      -0.5  6.2e-4   0.05   -0.6  -0.54   -0.5  -0.47   -0.4   6612    1.0
log_lik[3]     -1.06  9.9e-4   0.08  -1.23  -1.11  -1.05   -1.0  -0.91   6930    1.0
...
log_lik[2046]  -2.44  6.8e-4   0.05  -2.55  -2.48  -2.44   -2.4  -2.33   6359    1.0
log_lik[2047]  -2.25  9.9e-4   0.08  -2.43  -2.31  -2.25  -2.19  -2.09   7303    1.0
log_lik[2048]  -2.25  6.4e-4   0.05  -2.35  -2.28  -2.25  -2.21  -2.14   7258    1.0
lp__           -1098    0.05   2.14  -1103  -1099  -1098  -1097  -1095   2219    1.0


small_expensive_logistic
                mean se_mean     sd   2.5%    25%    50%    75%  97.5%  n_eff   Rhat
mu0             1.41    0.05   1.58  -1.03   0.89   1.38   1.88   4.12   1107    1.0
sigma0           2.1    0.09    3.0   0.63   1.01   1.44    2.2   7.26   1226    1.0
mu[1]           2.68  4.2e-4   0.04   2.61   2.65   2.68    2.7   2.75   7811    1.0
mu[2]           1.05  3.8e-4   0.03   0.98   1.02   1.05   1.07   1.12   8052    1.0
mu[3]           0.35  4.3e-4   0.04   0.27   0.32   0.35   0.37   0.42   7632    1.0
mu[4]           1.38  3.7e-4   0.03   1.31   1.35   1.38    1.4   1.44   7954    1.0
sigma           0.45  9.2e-5 8.3e-3   0.43   0.44   0.45   0.45   0.47   8127    1.0
ypred[1]        2.68  9.2e-3   0.82   1.04   2.19   2.68   3.19   4.33   7836    1.0
ypred[2]        1.04  9.1e-3   0.82  -0.63   0.54   1.04   1.54   2.72   8113    1.0
ypred[3]        0.35  9.1e-3   0.81  -1.28  -0.15   0.34   0.83   2.05   7926    1.0
ypred[4]        1.36  9.0e-3    0.8  -0.28   0.88   1.37   1.85   2.97   8010    1.0
mpred            1.4    0.05   4.12  -4.19   0.29   1.35   2.47   7.26   5779    1.0
mypred          1.41    0.06   4.19  -4.51   0.12   1.34   2.65   7.44   5795    1.0
log_lik[1]      -3.9  1.2e-3   0.11  -4.11  -3.97   -3.9  -3.83  -3.69   7595    1.0
log_lik[2]      -0.6  2.2e-4   0.02  -0.64  -0.61   -0.6  -0.58  -0.56   8221    1.0
log_lik[3]     -1.14  6.2e-4   0.05  -1.25  -1.18  -1.14   -1.1  -1.04   7623    1.0
...
log_lik[2046]  -2.22  8.5e-4   0.07  -2.37  -2.27  -2.22  -2.17  -2.07   7626    1.0
log_lik[2047]   -2.5  9.5e-4   0.08  -2.67  -2.56   -2.5  -2.45  -2.34   7993    1.0
log_lik[2048]  -2.08  7.6e-4   0.07  -2.22  -2.13  -2.08  -2.03  -1.95   8033    1.0
lp__           -2416    0.05   2.17  -2422  -2417  -2416  -2415  -2413   1859    1.0


small_expensive_cauchy.stan
                mean se_mean     sd   2.5%    25%    50%    75%  97.5%  n_eff   Rhat
mu0             1.31    0.09   2.08  -1.83   0.76   1.38   1.95   4.39    553   1.01
sigma0           2.6    0.12   3.54   0.73   1.22   1.74   2.74   9.87    837    1.0
mu[1]           2.89  4.2e-4   0.03   2.82   2.87   2.89   2.91   2.96   6522    1.0
mu[2]           1.11  4.5e-4   0.03   1.04   1.09   1.11   1.13   1.18   5465    1.0
mu[3]           0.05  5.3e-4   0.04  -0.03   0.02   0.05   0.08   0.14   6258    1.0
mu[4]           1.39  4.0e-4   0.03   1.33   1.37   1.39   1.41   1.45   5266    1.0
sigma           0.47  1.8e-4   0.01   0.44   0.46   0.47   0.48    0.5   5996    1.0
ypred[1]        7.81    4.68 418.91  -2.44   2.41   2.89   3.38   9.18   8008    1.0
ypred[2]         1.0     0.2  17.79   -5.1   0.64   1.12   1.61    7.6   8140    1.0
ypred[3]        0.63    0.44  39.22  -5.88  -0.41   0.06   0.51   5.46   8001    1.0
ypred[4]        1.21     0.3  26.87  -4.74    0.9   1.37   1.84   6.96   7990    1.0
mpred           1.32    0.11   5.08  -5.88   0.05   1.35   2.71   8.41   2101    1.0
mypred          1.28    0.32   27.8 -10.19  -0.35    1.4    3.1  12.59   7398    1.0
log_lik[1]     -3.62  5.7e-4   0.04   -3.7  -3.65  -3.62  -3.59  -3.53   5696    1.0
log_lik[2]     -0.49  5.9e-4   0.05  -0.59  -0.52  -0.49  -0.46  -0.41   6252    1.0
log_lik[3]     -0.94  1.1e-3   0.09  -1.12   -1.0  -0.94  -0.88  -0.77   6115    1.0
...
log_lik[2046]  -2.64  7.2e-4   0.05  -2.74  -2.68  -2.64  -2.61  -2.54   5158    1.0
log_lik[2047]  -2.34  7.1e-4   0.06  -2.46  -2.38  -2.34  -2.29  -2.22   7502    1.0
log_lik[2048]  -2.48  6.8e-4   0.05  -2.57  -2.51  -2.48  -2.45  -2.39   4825    1.0
lp__          -445.8    0.06   2.25 -451.2 -446.9 -445.4 -444.2 -442.7   1604    1.0


big_cheap_norm.stan
               mean se_mean     sd   2.5%    25%    50%    75%  97.5%  n_eff   Rhat
mu0         -8.9e13  9.0e13 1.6e14-4.9e14-5.1e13-1.3e13-6.4e12-1.2e12      3   4.13
sigma0          inf     nan    inf 5.3e19 1.2e878.5e1596.8e2338.7e299    nan    nan
mu[1]          -2.0  8.7e-4   0.05  -2.09  -2.03   -2.0  -1.97  -1.92   2762    1.0
sigma          0.95  6.4e-4   0.03   0.89   0.93   0.95   0.98   1.02   2672    1.0
ypred[1]       -2.0    0.01   0.95  -3.85  -2.64  -2.01  -1.37  -0.15   8083    1.0
mpred          -inf     nan    inf-1.6e290-3.0e156 4.6e153.0e1631.6e294    nan    nan
mypred         -inf     nan    inf-1.6e290-3.0e156 4.6e153.0e1631.6e294    nan    nan
log_lik[1]    -2.72  2.5e-3   0.13  -2.99   -2.8  -2.71  -2.63  -2.47   2637    1.0
log_lik[2]    -2.47  2.2e-3   0.11  -2.71  -2.54  -2.47  -2.39  -2.25   2642    1.0
log_lik[3]    -2.38  2.1e-3   0.11  -2.61  -2.46  -2.38  -2.31  -2.18   2644    1.0
...
log_lik[423]  -1.85  1.4e-3   0.07   -2.0   -1.9  -1.85   -1.8  -1.71   2676    1.0
log_lik[424]  -1.81  1.4e-3   0.07  -1.96  -1.86  -1.81  -1.76  -1.68   2679    1.0
log_lik[425]  -1.61  1.2e-3   0.06  -1.74  -1.65  -1.61  -1.57   -1.5   2708    1.0
lp__         -191.9    0.02   0.98 -194.6 -192.2 -191.6 -191.2 -190.9   2313    1.0


big_cheap_laplace.stan
               mean se_mean     sd   2.5%    25%    50%    75%  97.5%  n_eff   Rhat
mu0          1.5e13  2.1e13 4.0e13-2.5e13-5.1e12 1.1e12 1.4e13 1.2e14      4   3.46
sigma0          inf     nan    inf 5.7e22 2.6e931.9e1661.5e2383.6e301    nan    nan
mu[1]         -1.94  8.4e-4   0.04  -2.02  -1.97  -1.94  -1.91  -1.86   2618    1.0
sigma          0.76  7.1e-4   0.04   0.69   0.74   0.76   0.79   0.84   2622    1.0
ypred[1]      -1.94    0.01   1.08  -4.14  -2.47  -1.95  -1.41   0.42   7617    1.0
mpred           nan     nan    nan-1.3e294-2.9e164 7.5e141.3e1681.1e294    nan    nan
mypred          nan     nan    nan-1.3e294-2.9e164 7.5e141.3e1681.1e294    nan    nan
log_lik[1]     -2.9  1.8e-3   0.09  -3.09  -2.96   -2.9  -2.84  -2.73   2453    1.0
log_lik[2]    -2.74  1.7e-3   0.08  -2.91  -2.79  -2.73  -2.68  -2.58   2445    1.0
log_lik[3]    -2.68  1.7e-3   0.08  -2.84  -2.73  -2.67  -2.62  -2.52   2443    1.0
...
log_lik[423]  -2.25  1.4e-3   0.07  -2.39  -2.29  -2.25   -2.2  -2.12   2438    1.0
log_lik[424]  -2.22  1.4e-3   0.07  -2.36  -2.26  -2.22  -2.17  -2.09   2439    1.0
log_lik[425]  -2.03  1.3e-3   0.06  -2.15  -2.07  -2.03  -1.98  -1.91   2447    1.0
lp__         -309.4    0.02   0.95 -312.0 -309.8 -309.1 -308.7 -308.5   2041    1.0


big_cheap_logistic.stan
               mean se_mean     sd   2.5%    25%    50%    75%  97.5%  n_eff   Rhat
mu0         -2.4e13  1.7e13 3.3e13-9.4e13-5.0e13-1.3e12 2.3e11 1.0e13      4    2.2
sigma0          inf     nan    inf 2.7e20 1.1e851.6e1559.2e2298.9e299    nan    nan
mu[1]         -1.98  8.6e-4   0.05  -2.07  -2.01  -1.98  -1.95  -1.89   2924    1.0
sigma          0.55  4.6e-4   0.02   0.51   0.54   0.55   0.57    0.6   2427    1.0
ypred[1]        nan     nan    nan  -4.04  -2.59  -1.97  -1.37   0.05    nan    nan
mpred           nan     nan    nan-2.9e290-1.0e152 5.7e131.2e1592.2e292    nan    nan
mypred          nan     nan    nan-2.9e290-1.0e152 5.7e131.2e1592.2e292    nan    nan
log_lik[1]      nan     nan    nan  -3.07   -2.9  -2.82  -2.75   -2.6    nan    nan
log_lik[2]      nan     nan    nan  -2.84  -2.68  -2.61  -2.54  -2.41    nan    nan
log_lik[3]      nan     nan    nan  -2.76  -2.61  -2.54  -2.47  -2.34    nan    nan
...
log_lik[423]    nan     nan    nan  -2.19  -2.07  -2.02  -1.96  -1.86    nan    nan
log_lik[424]    nan     nan    nan  -2.16  -2.04  -1.98  -1.93  -1.83    nan    nan
log_lik[425]    nan     nan    nan  -1.92  -1.82  -1.77  -1.72  -1.64    nan    nan
lp__         -591.1    0.02   1.01 -593.8 -591.5 -590.8 -590.4 -590.1   2154    1.0


big_cheap_cauchy.stan
               mean se_mean     sd   2.5%    25%    50%    75%  97.5%  n_eff   Rhat
mu0         -2.3e13  1.7e13 8.0e13-3.2e14-2.1e13 1.9e11 3.2e12 9.8e13     21   1.23
sigma0          inf     nan    inf 2.6e21 1.9e852.9e1603.6e2341.7e300    nan    nan
mu[1]         -1.95  9.4e-4   0.04  -2.03  -1.98  -1.95  -1.92  -1.86   2254    1.0
sigma          0.58  6.9e-4   0.04   0.51   0.55   0.58    0.6   0.65   2689    1.0
ypred[1]      -1.96    0.84  74.58  -8.95  -2.52  -1.94  -1.38   5.74   7948    1.0
mpred          -inf     nan    inf-1.2e293-2.9e160-2.9e187.8e1591.4e293    nan    nan
mypred         -inf     nan    inf-1.2e293-2.9e160-2.9e187.8e1591.4e293    nan    nan
log_lik[1]    -3.05  1.3e-3   0.07  -3.18   -3.1  -3.05  -3.01  -2.92   2717    1.0
log_lik[2]    -2.93  1.3e-3   0.07  -3.06  -2.97  -2.93  -2.88  -2.79   2700    1.0
log_lik[3]    -2.88  1.3e-3   0.07  -3.01  -2.93  -2.88  -2.83  -2.75   2693    1.0
...
log_lik[423]  -2.51  1.4e-3   0.07  -2.64  -2.56  -2.51  -2.46  -2.37   2626    1.0
log_lik[424]  -2.48  1.4e-3   0.07  -2.61  -2.53  -2.48  -2.43  -2.34   2620    1.0
log_lik[425]  -2.29  1.4e-3   0.07  -2.43  -2.34  -2.29  -2.24  -2.15   2574    1.0
lp__         -176.8    0.02   0.99 -179.4 -177.2 -176.4 -176.1 -175.8   2111    1.0


big_expensive_norm.stan
                mean se_mean     sd   2.5%    25%    50%    75%  97.5%  n_eff   Rhat
mu0              6.6     0.2    5.1   1.09   5.63   6.57   7.51  11.65    628    1.0
sigma0          4.28    0.29   7.78   1.17   1.89   2.71   4.17  16.86    718   1.01
mu[1]           6.73  3.0e-4   0.03   6.68   6.71   6.73   6.74   6.78   7121    1.0
mu[2]           8.97  3.1e-4   0.03   8.92   8.95   8.97   8.99   9.02   6988    1.0
mu[3]           6.07  3.1e-4   0.03   6.02   6.06   6.07   6.09   6.12   6821    1.0
mu[4]           4.58  3.1e-4   0.03   4.53   4.56   4.58   4.59   4.63   6676    1.0
sigma           0.52  1.1e-4 8.8e-3    0.5   0.51   0.52   0.53   0.54   6359    1.0
ypred[1]        6.73  5.9e-3   0.52    5.7   6.37   6.74   7.07   7.76   7739    1.0
ypred[2]        8.97  5.8e-3   0.52   7.94   8.62   8.96   9.32   9.99   8167    1.0
ypred[3]        6.07  5.8e-3   0.52   5.04   5.73   6.08   6.42   7.09   8023    1.0
ypred[4]        4.58  5.8e-3   0.52   3.56   4.23   4.58   4.92    5.6   7957    1.0
mpred           6.83    0.27  12.05  -4.35   4.55   6.61   8.63  19.18   1926    1.0
mypred          6.83    0.28  12.06  -4.61   4.51   6.61   8.69  19.45   1919    1.0
log_lik[1]     -1.06  7.5e-4   0.06  -1.18   -1.1  -1.06  -1.01  -0.94   6839    1.0
log_lik[2]     -0.92  6.8e-4   0.06  -1.03  -0.95  -0.92  -0.88  -0.81   6962    1.0
log_lik[3]     -0.51  4.3e-4   0.04  -0.58  -0.53  -0.51  -0.49  -0.44   6719    1.0
...
log_lik[1698]  -0.95  7.0e-4   0.06  -1.07  -0.99  -0.95  -0.91  -0.84   6959    1.0
log_lik[1699]  -3.21  1.7e-3   0.15   -3.5  -3.31  -3.21  -3.11  -2.93   7118    1.0
log_lik[1700]  -2.22  1.3e-3   0.11  -2.44  -2.29  -2.22  -2.15  -2.01   6733    1.0
lp__          254.16    0.06   2.29 248.63 252.97 254.59 255.79  257.3   1489    1.0


big_expensive_laplace.stan
                mean se_mean     sd   2.5%    25%    50%    75%  97.5%  n_eff   Rhat
mu0             6.55    0.06   2.68   1.78    5.6   6.51   7.45  11.73   2288    1.0
sigma0          3.92    0.11   5.02   1.17   1.92   2.72   4.17  14.15   2061    1.0
mu[1]            6.7  4.0e-4   0.03   6.63   6.67    6.7   6.72   6.76   6569    1.0
mu[2]           8.89  2.8e-4   0.02   8.85   8.88   8.89   8.91   8.93   5417    1.0
mu[3]           6.12  2.8e-4   0.02   6.07   6.11   6.12   6.14   6.16   6445    1.0
mu[4]           4.47  4.3e-4   0.03   4.42   4.45   4.46   4.49   4.54   5246    1.0
sigma           0.42  1.2e-4   0.01    0.4   0.41   0.42   0.43   0.44   6959    1.0
ypred[1]         6.7  6.7e-3    0.6   5.44    6.4    6.7    7.0   7.96   8078    1.0
ypred[2]        8.89  6.6e-3   0.59   7.63   8.61   8.89   9.18  10.16   7808    1.0
ypred[3]        6.12  6.7e-3   0.58   4.89   5.83   6.12   6.42   7.33   7670    1.0
ypred[4]        4.47  6.9e-3    0.6   3.23   4.17   4.47   4.77   5.74   7567    1.0
mpred           6.61    0.09   7.68  -4.04   4.45   6.55   8.66  17.82   7759    1.0
mypred           6.6    0.09    7.7  -4.02   4.38   6.52   8.68  18.02   7718    1.0
log_lik[1]     -1.32  9.8e-4   0.08  -1.47  -1.37  -1.32  -1.26  -1.17   6501    1.0
log_lik[2]     -1.06  6.6e-4   0.05  -1.15  -1.09  -1.06  -1.02  -0.96   5471    1.0
log_lik[3]     -0.81  6.5e-4   0.05   -0.9  -0.85  -0.81  -0.77   -0.7   6471    1.0
...
log_lik[1698]   -1.1  6.6e-4   0.05  -1.19  -1.13   -1.1  -1.06   -1.0   5482    1.0
log_lik[1699]  -2.94  9.3e-4   0.07  -3.09   -3.0  -2.94  -2.89   -2.8   6253    1.0
log_lik[1700]  -2.02  1.1e-3   0.08   -2.2  -2.06  -2.01  -1.96  -1.88   5382    1.0
lp__          -234.9    0.04   2.15 -240.2 -236.1 -234.5 -233.3 -231.9   2384    1.0


big_expensive_logistic.stan
                mean se_mean     sd   2.5%    25%    50%    75%  97.5%  n_eff   Rhat
mu0             6.61    0.07   2.75   1.49   5.63   6.56   7.49  11.71   1472    1.0
sigma0          3.97    0.12   4.63   1.18   1.91   2.71   4.25  14.67   1566    1.0
mu[1]           6.72  3.4e-4   0.03   6.66    6.7   6.72   6.74   6.77   6690    1.0
mu[2]           8.95  2.7e-4   0.02   8.91   8.94   8.95   8.97    9.0   6941    1.0
mu[3]           6.08  3.2e-4   0.03   6.03   6.06   6.08    6.1   6.13   6897    1.0
mu[4]           4.55  3.3e-4   0.03   4.49   4.53   4.55   4.57    4.6   6826    1.0
sigma            0.3  7.7e-5 6.0e-3   0.29    0.3    0.3   0.31   0.31   6141    1.0
ypred[1]        6.72  6.1e-3   0.55   5.62   6.38   6.71   7.05   7.81   8091    1.0
ypred[2]        8.95  6.1e-3   0.55   7.83   8.62   8.95   9.28  10.04   8162    1.0
ypred[3]        6.08  6.2e-3   0.56   4.92   5.74   6.08   6.42   7.23   8256    1.0
ypred[4]        4.54  6.1e-3   0.55   3.43   4.21   4.53   4.87   5.62   7909    1.0
mpred           6.56     0.1    6.6  -5.09   4.58   6.56   8.64  17.24   4574    1.0
mypred          6.56     0.1   6.62  -5.09   4.49   6.58   8.71  17.39   4591    1.0
log_lik[1]     -1.17  8.8e-4   0.07  -1.31  -1.22  -1.17  -1.12  -1.02   6850    1.0
log_lik[2]     -0.99  6.6e-4   0.06   -1.1  -1.03  -0.99  -0.95  -0.89   7057    1.0
log_lik[3]     -0.55  5.8e-4   0.05  -0.65  -0.58  -0.55  -0.51  -0.45   6890    1.0
...
log_lik[1698]  -1.03  6.7e-4   0.06  -1.15  -1.07  -1.03  -0.99  -0.93   7066    1.0
log_lik[1699]  -3.04  1.3e-3   0.11  -3.24  -3.11  -3.04  -2.97  -2.83   7013    1.0
log_lik[1700]  -2.18  1.1e-3   0.09  -2.37  -2.25  -2.18  -2.12   -2.0   6817    1.0
lp__           -1339    0.04   2.18  -1344  -1340  -1339  -1337  -1336   2356    1.0


big_expensive_cauchy.stan
                mean se_mean     sd   2.5%    25%    50%    75%  97.5%  n_eff   Rhat
mu0             6.41    0.17   4.42   1.15   5.57    6.5   7.45  11.81    703    1.0
sigma0           4.4    0.35  13.37    1.2   1.93   2.74   4.34   15.3   1499    1.0
mu[1]            6.7  4.0e-4   0.03   6.63   6.67    6.7   6.72   6.77   7319    1.0
mu[2]           8.91  2.0e-4   0.02   8.87    8.9   8.91   8.92   8.94   7035    1.0
mu[3]           6.11  3.3e-4   0.03   6.06   6.09   6.11   6.13   6.17   7275    1.0
mu[4]            4.4  4.4e-4   0.04   4.33   4.38    4.4   4.43   4.48   7343    1.0
sigma           0.32  1.2e-4   0.01    0.3   0.32   0.32   0.33   0.34   7133    1.0
ypred[1]        7.26    0.37  33.71    2.4   6.35   6.69    7.0  10.71   8118    1.0
ypred[2]       10.19    1.93 172.91   4.51   8.59   8.91   9.23  12.75   8005    1.0
ypred[3]         5.8    0.54  48.29   2.16    5.8   6.12   6.45  10.16   8025    1.0
ypred[4]        6.47    1.72 153.82  -0.06   4.08    4.4   4.73   8.99   8008    1.0
mpred            6.5    0.12  14.26  -5.76   4.44   6.49   8.59  17.85  13178    1.0
mypred          6.76    0.61  55.44  -8.23   4.17   6.47   8.81  20.23   8191    1.0
log_lik[1]     -1.57  1.0e-3   0.09  -1.74  -1.63  -1.57  -1.51   -1.4   7264    1.0
log_lik[2]     -1.33  5.6e-4   0.05  -1.42  -1.36  -1.33  -1.29  -1.23   7250    1.0
log_lik[3]     -0.96  1.0e-3   0.09  -1.12  -1.01  -0.96   -0.9  -0.79   7247    1.0
...
log_lik[1698]  -1.37  5.5e-4   0.05  -1.46   -1.4  -1.37  -1.34  -1.28   7253    1.0
log_lik[1699]  -2.87  6.1e-4   0.05  -2.96   -2.9  -2.87  -2.83  -2.76   6961    1.0
log_lik[1700]   -2.1  8.6e-4   0.08  -2.25  -2.15   -2.1  -2.04  -1.94   8089    1.0
lp__          294.27    0.05   2.24 288.79  293.1 294.69 295.92 297.34   1741   1.01


