big_cheap_norm.stan
               mean se_mean     sd   2.5%    25%    50%    75%  97.5%  n_eff   Rhat
mu0         -1.6e13  1.5e13 5.1e13-1.2e14-5.8e13 5.4e11 3.6e12 9.9e13     12   1.45
sigma0          inf     nan    inf 1.6e20 4.6e832.9e1544.7e2292.9e300    nan    nan
mu[1]          -2.0  9.3e-4   0.05  -2.09  -2.03   -2.0  -1.97  -1.91   2481    1.0
sigma          0.96  6.8e-4   0.03   0.89   0.93   0.95   0.98   1.02   2467    1.0
ypred[1]      -2.02    0.01   0.95  -3.92  -2.65  -2.01  -1.37  -0.17   7343    1.0
log_lik[1]    -2.71  2.5e-3   0.13  -2.98  -2.79  -2.71  -2.62  -2.47   2647    1.0
log_lik[2]    -2.46  2.2e-3   0.11   -2.7  -2.54  -2.46  -2.39  -2.25   2656    1.0
log_lik[3]    -2.38  2.1e-3   0.11   -2.6  -2.45  -2.38   -2.3  -2.18   2660    1.0
...
log_lik[423]  -1.85  1.5e-3   0.07   -2.0  -1.89  -1.84  -1.79  -1.71   2633    1.0
log_lik[424]  -1.81  1.4e-3   0.07  -1.96  -1.86  -1.81  -1.76  -1.68   2633    1.0
log_lik[425]  -1.61  1.2e-3   0.06  -1.74  -1.65  -1.61  -1.57   -1.5   2617    1.0
lp__         -191.9    0.02   1.03 -194.6 -192.3 -191.6 -191.2 -190.9   1766    1.0

big_cheap_laplace.stan
               mean se_mean     sd   2.5%    25%    50%    75%  97.5%  n_eff   Rhat
mu0         -1.4e13  2.3e13 3.8e13-1.1e14-4.1e12 2.1e12 7.1e12 2.3e13      3   3.19
sigma0          inf     nan    inf 2.4e20 1.5e852.1e1592.4e2333.5e301    nan    nan
mu[1]         -1.94  8.7e-4   0.04  -2.03  -1.97  -1.94  -1.91  -1.86   2431    1.0
sigma          0.76  7.5e-4   0.04    0.7   0.74   0.76   0.79   0.84   2426    1.0
ypred[1]      -1.94    0.01   1.07  -4.22  -2.46  -1.93   -1.4   0.28   7497    1.0
log_lik[1]     -2.9  1.9e-3   0.09  -3.08  -2.96   -2.9  -2.84  -2.72   2355    1.0
log_lik[2]    -2.74  1.8e-3   0.09  -2.91  -2.79  -2.73  -2.68  -2.57   2351    1.0
log_lik[3]    -2.68  1.7e-3   0.08  -2.84  -2.73  -2.67  -2.62  -2.51   2349    1.0
...
log_lik[423]  -2.25  1.4e-3   0.07  -2.39  -2.29  -2.25   -2.2  -2.11   2345    1.0
log_lik[424]  -2.22  1.4e-3   0.07  -2.35  -2.26  -2.22  -2.17  -2.08   2346    1.0
log_lik[425]  -2.02  1.3e-3   0.06  -2.15  -2.07  -2.03  -1.98   -1.9   2355    1.0
lp__         -309.4    0.02   0.98 -312.1 -309.8 -309.1 -308.7 -308.5   2124    1.0

big_cheap_logistic.stan
               mean se_mean     sd   2.5%    25%    50%    75%  97.5%  n_eff   Rhat
mu0         -5.5e13  2.6e13 5.7e13-1.8e14-8.7e13-4.8e13-7.8e12 1.6e13      5   2.28
sigma0          inf     nan    inf 2.6e21 3.5e831.9e1561.9e2303.7e300    nan    nan
mu[1]         -1.98  9.1e-4   0.05  -2.07  -2.01  -1.98  -1.95  -1.89   2592    1.0
sigma          0.55  4.4e-4   0.02   0.51   0.54   0.55   0.57    0.6   2526    1.0
ypred[1]      -1.98    0.01   1.01  -4.02  -2.59  -1.99  -1.38   0.11   7297    1.0
log_lik[1]    -2.83  2.3e-3   0.12  -3.06   -2.9  -2.82  -2.75  -2.61   2570    1.0
log_lik[2]    -2.61  2.1e-3   0.11  -2.83  -2.68  -2.61  -2.54  -2.42   2578    1.0
log_lik[3]    -2.54  2.0e-3    0.1  -2.75  -2.61  -2.54  -2.47  -2.35   2581    1.0
...
log_lik[423]  -2.02  1.6e-3   0.08  -2.19  -2.07  -2.02  -1.96  -1.87   2602    1.0
log_lik[424]  -1.99  1.6e-3   0.08  -2.15  -2.04  -1.98  -1.93  -1.83   2604    1.0
log_lik[425]  -1.77  1.4e-3   0.07  -1.91  -1.82  -1.77  -1.72  -1.64   2611    1.0
lp__         -591.1    0.02   0.99 -593.7 -591.5 -590.8 -590.4 -590.1   2223    1.0

big_cheap_cauchy.stan
               mean se_mean     sd   2.5%    25%    50%    75%  97.5%  n_eff   Rhat
mu0         -3.0e12  1.6e13 5.9e13-1.6e14-1.8e13 1.2e12 1.1e13 1.0e14     14    1.4
sigma0          inf     nan    inf 7.7e21 7.7e881.8e1639.8e2364.5e301    nan    nan
mu[1]         -1.95 10.0e-4   0.05  -2.04  -1.98  -1.95  -1.92  -1.86   2092    1.0
sigma          0.58  6.9e-4   0.04   0.51   0.55   0.57    0.6   0.65   2729    1.0
ypred[1]      -1.79    0.34  29.87  -9.95  -2.56  -1.95  -1.36   6.41   7931    1.0
log_lik[1]    -3.05  1.4e-3   0.07  -3.19   -3.1  -3.05  -3.01  -2.92   2404    1.0
log_lik[2]    -2.93  1.4e-3   0.07  -3.06  -2.97  -2.93  -2.88  -2.79   2367    1.0
log_lik[3]    -2.88  1.4e-3   0.07  -3.02  -2.93  -2.88  -2.83  -2.74   2352    1.0
...
log_lik[423]  -2.51  1.5e-3   0.07  -2.65  -2.56  -2.51  -2.46  -2.37   2233    1.0
log_lik[424]  -2.48  1.5e-3   0.07  -2.62  -2.53  -2.48  -2.43  -2.34   2224    1.0
log_lik[425]  -2.29  1.6e-3   0.07  -2.43  -2.34  -2.29  -2.24  -2.15   2180    1.0
lp__         -176.8    0.03   1.08 -179.7 -177.2 -176.5 -176.0 -175.8   1662    1.0


